[LEFT_CAM_2K]
fx=1069.75
fy=1069.62
cx=1120.85
cy=637.936
k1=-0.0632405
k2=0.039345
p1=0.000176433
p2=0.000632102
k3=-0.0155634

[RIGHT_CAM_2K]
fx=1066.87
fy=1066.76
cx=1115.26
cy=635.54
k1=-0.0617016
k2=0.0365155
p1=3.74163e-05
p2=2.16602e-07
k3=-0.0141209

[LEFT_CAM_FHD]
fx=1069.75
fy=1069.62
cx=976.85
cy=556.936
k1=-0.0632405
k2=0.039345
p1=0.000176433
p2=0.000632102
k3=-0.0155634

[RIGHT_CAM_FHD]
fx=1066.87
fy=1066.76
cx=971.26
cy=554.54
k1=-0.0617016
k2=0.0365155
p1=3.74163e-05
p2=2.16602e-07
k3=-0.0141209

[LEFT_CAM_HD]
fx=534.875
fy=534.81
cx=646.925
cy=366.968
k1=-0.0632405
k2=0.039345
p1=0.000176433
p2=0.000632102
k3=-0.0155634

[RIGHT_CAM_HD]
fx=533.435
fy=533.38
cx=644.13
cy=365.77
k1=-0.0617016
k2=0.0365155
p1=3.74163e-05
p2=2.16602e-07
k3=-0.0141209

[LEFT_CAM_VGA]
fx=267.4375
fy=267.405
cx=338.9625
cy=190.984
k1=-0.0632405
k2=0.039345
p1=0.000176433
p2=0.000632102
k3=-0.0155634

[RIGHT_CAM_VGA]
fx=266.7175
fy=266.69
cx=337.565
cy=190.385
k1=-0.0617016
k2=0.0365155
p1=3.74163e-05
p2=2.16602e-07
k3=-0.0141209

[LEFT_DISTO]
k1=-1.50107
k2=3.13448
k3=0.10026
k4=-1.40695
k5=2.97437
k6=0.29106
p1=6.20499e-05
p2=0.000254289

[RIGHT_DISTO]
k1=-1.64144
k2=3.55019
k3=-0.0127925
k4=-1.55118
k5=3.39745
k6=0.180704
p1=7.06673e-05
p2=0.000103128

[STEREO]
Baseline=119.894
TY=-0.183249
TZ=0.505531
CV_2K=0.00263944
CV_FHD=0.00263944
CV_HD=0.00263944
CV_VGA=0.00263944
RX_2K=0.00276072
RX_FHD=0.00276072
RX_HD=0.00276072
RX_VGA=0.00276072
RZ_2K=0.00162168
RZ_FHD=0.00162168
RZ_HD=0.00162168
RZ_VGA=0.00162168

[MISC]
Sensor_ID=0

