[LEFT_CAM_2K]
fx=1069.86
fy=1069.68
cx=1121.71
cy=635.849
k1=-0.0613105
k2=0.039907
p1=0.000458739
p2=0.000224195
k3=-0.0163495

[RIGHT_CAM_2K]
fx=1067.84
fy=1067.67
cx=1121.49
cy=654.333
k1=-0.0623738
k2=0.037595
p1=-0.000109897
p2=0.000103278
k3=-0.0146961

[LEFT_CAM_FHD]
fx=1069.86
fy=1069.68
cx=977.71
cy=554.849
k1=-0.0613105
k2=0.039907
p1=0.000458739
p2=0.000224195
k3=-0.0163495

[RIGHT_CAM_FHD]
fx=1067.84
fy=1067.67
cx=977.49
cy=573.333
k1=-0.0623738
k2=0.037595
p1=-0.000109897
p2=0.000103278
k3=-0.0146961

[LEFT_CAM_HD]
fx=534.93
fy=534.84
cx=647.355
cy=365.9245
k1=-0.0613105
k2=0.039907
p1=0.000458739
p2=0.000224195
k3=-0.0163495

[RIGHT_CAM_HD]
fx=533.92
fy=533.835
cx=647.245
cy=375.1665
k1=-0.0623738
k2=0.037595
p1=-0.000109897
p2=0.000103278
k3=-0.0146961

[LEFT_CAM_VGA]
fx=267.465
fy=267.42
cx=339.1775
cy=190.46225
k1=-0.0613105
k2=0.039907
p1=0.000458739
p2=0.000224195
k3=-0.0163495

[RIGHT_CAM_VGA]
fx=266.96
fy=266.9175
cx=339.1225
cy=195.08325
k1=-0.0623738
k2=0.037595
p1=-0.000109897
p2=0.000103278
k3=-0.0146961

[LEFT_DISTO]
k1=-0.587328
k2=1.58729
k3=0.252841
k4=-0.486145
k5=1.44282
k6=0.394901
p1=0.000300477
p2=-1.01694e-05

[RIGHT_DISTO]
k1=-0.764311
k2=2.78114
k3=0.051072
k4=-0.659979
k5=2.64214
k6=0.227244
p1=-0.000182746
p2=0.000220662

[STEREO]
Baseline=120.074
TY=-0.174409
TZ=-0.0404117
CV_2K=0.0026409
CV_FHD=0.0026409
CV_HD=0.0026409
CV_VGA=0.0026409
RX_2K=0.00334008
RX_FHD=0.00334008
RX_HD=0.00334008
RX_VGA=0.00334008
RZ_2K=0.00144784
RZ_FHD=0.00144784
RZ_HD=0.00144784
RZ_VGA=0.00144784

[MISC]
Sensor_ID=0

